# T [GeV], g_*, g_*,s
# high temperature (>125 GeV) from 1503.04935
# medium temperature (10 MeV - 125 GeV) from 1606.07494
# low temperature (< 10 MeV) also from 1503.04935
1.0000000e-05    3.37084    3.91770
2.0000000e-05    3.37084    3.91770
3.0000000e-05    3.37092    3.91777
4.0000000e-05    3.37371    3.92030
5.0000000e-05    3.39353    3.93842
6.0000000e-05    3.45555    3.99555
7.0000000e-05    3.57943    4.11028
8.0000000e-05    3.76975    4.28709
9.0000000e-05    4.01846    4.51833
1.0000000e-04    4.31122    4.79029
1.1000000e-04    4.63248    5.08814
1.2000000e-04    4.96829    5.39871
1.3000000e-04    5.30740    5.71151
1.4000000e-04    5.64143    6.01884
1.5000000e-04    5.96451    6.31545
1.6000000e-04    6.27284    6.59797
1.7000000e-04    6.56418    6.86454
1.8000000e-04    6.83748    7.11431
1.9000000e-04    7.09247    7.34717
2.0000000e-04    7.32947    7.56351
2.1000000e-04    7.54915    7.76401
2.2000000e-04    7.75240    7.94954
2.3000000e-04    7.94024    8.12105
2.4000000e-04    8.11373    8.27954
2.5000000e-04    8.27393    8.42600
2.6000000e-04    8.42190    8.56137
2.7000000e-04    8.55860    8.68657
2.8000000e-04    8.68498    8.80242
2.9000000e-04    8.80190    8.90972
3.0000000e-04    8.91017    9.00920
4.0000000e-04    9.65085    9.69402
5.0000000e-04   10.03493   10.05373
6.0000000e-04   10.25497   10.26212
7.0000000e-04   10.39143   10.39252
8.0000000e-04   10.48143   10.47915
9.0000000e-04   10.54373   10.53948
1.0000000e-03   10.58858   10.58311
1.1000000e-03   10.62189   10.61564
1.2000000e-03   10.64730   10.64054
1.3000000e-03   10.66711   10.66000
1.4000000e-03   10.68285   10.67550
1.5000000e-03   10.69556   10.68805
1.6000000e-03   10.70597   10.69833
1.7000000e-03   10.71460   10.70688
1.8000000e-03   10.72183   10.71405
1.9000000e-03   10.72796   10.72012
2.0000000e-03   10.73319   10.72532
4.0555556e-03   10.74217   10.74111
6.1111111e-03   10.74954   10.74832
8.1666667e-03   10.74991   10.74926
1.0000000e-02   10.76000   10.75484
1.7782794e-02   11.09000   11.03428
3.9810717e-02   13.68000   13.39089
1.0000000e-01   17.61000   17.21004
1.4125375e-01   24.07000   22.83183
1.5848932e-01   29.84000   27.73801
2.5118864e-01   47.83000   45.07247
3.1622777e-01   53.04000   50.66386
1.0000000e+00   73.48000   72.19635
1.0000000e+01   83.10000   82.99791
1.9952623e+01   85.56000   85.22846
3.9810717e+01   91.97000   91.16140
1.0000000e+02  102.17000  101.40943
1.2533333e+02  103.45475  102.87372
1.2566667e+02  103.47056  102.89021
1.2600000e+02  103.48630  102.90662
1.2633333e+02  103.50197  102.92296
1.2666667e+02  103.51756  102.93923
1.2700000e+02  103.53309  102.95543
1.2733333e+02  103.54855  102.97157
1.2766667e+02  103.56393  102.98763
1.2800000e+02  103.57925  103.00362
1.2833333e+02  103.59450  103.01955
1.2866667e+02  103.60968  103.03541
1.2900000e+02  103.62480  103.05120
1.2933333e+02  103.63985  103.06692
1.2966667e+02  103.65483  103.08258
1.3000000e+02  103.66975  103.09818
1.3033333e+02  103.68460  103.11371
1.3066667e+02  103.69939  103.12917
1.3100000e+02  103.71412  103.14457
1.3133333e+02  103.72879  103.15991
1.3166667e+02  103.74339  103.17519
1.3200000e+02  103.75793  103.19040
1.3233333e+02  103.77241  103.20555
1.3266667e+02  103.78683  103.22064
1.3300000e+02  103.80119  103.23567
1.3333333e+02  103.81549  103.25064
1.3366667e+02  103.82974  103.26555
1.3400000e+02  103.84392  103.28041
1.3433333e+02  103.85805  103.29520
1.3466667e+02  103.87212  103.30994
1.3500000e+02  103.88614  103.32462
1.3533333e+02  103.90010  103.33924
1.3566667e+02  103.91401  103.35381
1.3600000e+02  103.92786  103.36832
1.3633333e+02  103.94166  103.38277
1.3666667e+02  103.95541  103.39718
1.3700000e+02  103.96910  103.41153
1.3733333e+02  103.98275  103.42582
1.3766667e+02  103.99634  103.44007
1.3800000e+02  104.00989  103.45426
1.3833333e+02  104.02338  103.46840
1.3866667e+02  104.03683  103.48249
1.3900000e+02  104.05023  103.49653
1.3933333e+02  104.06359  103.51052
1.3966667e+02  104.07689  103.52447
1.4000000e+02  104.09016  103.53836
1.4033333e+02  104.10338  103.55221
1.4066667e+02  104.11655  103.56601
1.4100000e+02  104.12968  103.57977
1.4133333e+02  104.14277  103.59348
1.4166667e+02  104.15582  103.60715
1.4200000e+02  104.16883  103.62077
1.4233333e+02  104.18180  103.63435
1.4266667e+02  104.19473  103.64789
1.4300000e+02  104.20763  103.66139
1.4333333e+02  104.22049  103.67484
1.4366667e+02  104.23331  103.68826
1.4400000e+02  104.24610  103.70164
1.4433333e+02  104.25886  103.71498
1.4466667e+02  104.27158  103.72829
1.4500000e+02  104.28427  103.74156
1.4533333e+02  104.29694  103.75479
1.4566667e+02  104.30957  103.76799
1.4600000e+02  104.32218  103.78116
1.4633333e+02  104.33476  103.79429
1.4666667e+02  104.34732  103.80740
1.4700000e+02  104.35986  103.82048
1.4733333e+02  104.37237  103.83353
1.4766667e+02  104.38487  103.84655
1.4800000e+02  104.39735  103.85955
1.4833333e+02  104.40982  103.87253
1.4866667e+02  104.42228  103.88549
1.4900000e+02  104.43472  103.89843
1.4933333e+02  104.44714  103.91134
1.4966667e+02  104.45955  103.92423
1.5000000e+02  104.47195  103.93710
1.5033333e+02  104.48434  103.94995
1.5066667e+02  104.49672  103.96279
1.5100000e+02  104.50906  103.97558
1.5133333e+02  104.52122  103.98823
1.5166667e+02  104.53333  104.00083
1.5200000e+02  104.54578  104.01367
1.5233333e+02  104.55849  104.02670
1.5266667e+02  104.57136  104.03983
1.5300000e+02  104.58472  104.05333
1.5333333e+02  104.59845  104.06710
1.5366667e+02  104.61219  104.08087
1.5400000e+02  104.62597  104.09465
1.5433333e+02  104.64123  104.10954
1.5466667e+02  104.65855  104.12598
1.5500000e+02  104.67665  104.14300
1.5533333e+02  104.69614  104.16106
1.5566667e+02  104.71737  104.18043
1.5600000e+02  104.73870  104.19988
1.5633333e+02  104.75923  104.21873
1.5666667e+02  104.77985  104.23766
1.5700000e+02  104.80157  104.25741
1.5733333e+02  104.82813  104.28080
1.5766667e+02  104.85646  104.30554
1.5800000e+02  104.87730  104.32466
1.5833333e+02  104.88998  104.33766
1.5866667e+02  104.90058  104.34910
1.5900000e+02  104.90992  104.35958
1.5933333e+02  104.91530  104.36706
1.5966667e+02  104.91610  104.37109
1.6000000e+02  104.91634  104.37467
1.6033333e+02  104.91727  104.37873
1.6066667e+02  104.91758  104.38231
1.6100000e+02  104.91755  104.38561
1.6133333e+02  104.91718  104.38862
1.6166667e+02  104.91645  104.39134
1.6200000e+02  104.91555  104.39390
1.6233333e+02  104.91451  104.39632
1.6266667e+02  104.91329  104.39858
1.6300000e+02  104.91199  104.40076
1.6333333e+02  104.91057  104.40282
1.6366667e+02  104.90907  104.40478
1.6400000e+02  104.90769  104.40682
1.6433333e+02  104.90655  104.40901
1.6466667e+02  104.90553  104.41125
1.6500000e+02  104.90449  104.41346
1.6533333e+02  104.90343  104.41563
1.6566667e+02  104.90235  104.41776
1.6600000e+02  104.90111  104.41974
1.6633333e+02  104.89962  104.42151
1.6666667e+02  104.89797  104.42314
1.6700000e+02  104.89628  104.42471
1.6733333e+02  104.89457  104.42623
1.6766667e+02  104.89282  104.42771
1.6800000e+02  104.89108  104.42916
1.6833333e+02  104.88937  104.43062
1.6866667e+02  104.88768  104.43206
1.6900000e+02  104.88597  104.43347
1.6933333e+02  104.88425  104.43485
1.6966667e+02  104.88253  104.43620
1.7000000e+02  104.88081  104.43753
1.7033333e+02  104.87910  104.43884
1.7066667e+02  104.87740  104.44014
1.7100000e+02  104.87571  104.44143
1.7133333e+02  104.87405  104.44271
1.7166667e+02  104.87240  104.44398
1.7200000e+02  104.87077  104.44524
1.7233333e+02  104.86916  104.44649
1.7266667e+02  104.86756  104.44774
1.7300000e+02  104.86597  104.44897
1.7333333e+02  104.86440  104.45019
1.7366667e+02  104.86284  104.45140
1.7400000e+02  104.86129  104.45259
1.7433333e+02  104.85975  104.45378
1.7466667e+02  104.85823  104.45496
1.7500000e+02  104.85671  104.45612
1.7533333e+02  104.85521  104.45727
1.7566667e+02  104.85371  104.45841
1.7600000e+02  104.85222  104.45953
1.7633333e+02  104.85075  104.46064
1.7666667e+02  104.84927  104.46174
1.7700000e+02  104.84781  104.46283
1.7733333e+02  104.84635  104.46390
1.7766667e+02  104.84490  104.46496
1.7800000e+02  104.84345  104.46600
1.7833333e+02  104.84200  104.46703
1.7866667e+02  104.84056  104.46804
1.7900000e+02  104.83913  104.46904
1.7933333e+02  104.83770  104.47003
1.7966667e+02  104.83628  104.47101
1.8000000e+02  104.83488  104.47198
1.8033333e+02  104.83350  104.47295
1.8066667e+02  104.83213  104.47392
1.8100000e+02  104.83078  104.47488
1.8133333e+02  104.82946  104.47585
1.8166667e+02  104.82815  104.47681
1.8200000e+02  104.82687  104.47778
1.8233333e+02  104.82562  104.47875
1.8266667e+02  104.82439  104.47972
1.8300000e+02  104.82319  104.48069
1.8333333e+02  104.82200  104.48167
1.8366667e+02  104.82083  104.48264
1.8400000e+02  104.81969  104.48362
1.8433333e+02  104.81856  104.48459
1.8466667e+02  104.81744  104.48556
1.8500000e+02  104.81635  104.48653
1.8533333e+02  104.81527  104.48749
1.8566667e+02  104.81420  104.48845
1.8600000e+02  104.81315  104.48941
1.8633333e+02  104.81212  104.49037
1.8666667e+02  104.81110  104.49133
1.8700000e+02  104.81009  104.49228
1.8733333e+02  104.80909  104.49322
1.8766667e+02  104.80810  104.49416
1.8800000e+02  104.80713  104.49510
1.8833333e+02  104.80617  104.49603
1.8866667e+02  104.80522  104.49696
1.8900000e+02  104.80429  104.49789
1.8933333e+02  104.80337  104.49881
1.8966667e+02  104.80246  104.49973
1.9000000e+02  104.80157  104.50065
1.9033333e+02  104.80069  104.50157
1.9066667e+02  104.79982  104.50249
1.9100000e+02  104.79897  104.50340
1.9133333e+02  104.79813  104.50431
1.9166667e+02  104.79730  104.50522
1.9200000e+02  104.79648  104.50612
1.9233333e+02  104.79568  104.50703
1.9266667e+02  104.79488  104.50793
1.9300000e+02  104.79410  104.50883
1.9333333e+02  104.79334  104.50972
1.9366667e+02  104.79258  104.51062
1.9400000e+02  104.79184  104.51151
1.9433333e+02  104.79110  104.51240
1.9466667e+02  104.79038  104.51329
1.9500000e+02  104.78967  104.51417
1.9533333e+02  104.78898  104.51506
1.9566667e+02  104.78829  104.51594
1.9600000e+02  104.78762  104.51682
1.9633333e+02  104.78695  104.51770
1.9666667e+02  104.78630  104.51858
1.9700000e+02  104.78566  104.51945
1.9733333e+02  104.78503  104.52032
1.9766667e+02  104.78441  104.52120
1.9800000e+02  104.78380  104.52207
1.9833333e+02  104.78320  104.52293
1.9866667e+02  104.78261  104.52380
1.9900000e+02  104.78203  104.52466
1.9933333e+02  104.78146  104.52553
1.9966667e+02  104.78091  104.52639
2.0000000e+02  104.78036  104.52725
2.0033333e+02  104.77982  104.52811
2.0066667e+02  104.77929  104.52896
2.0100000e+02  104.77878  104.52982
2.0133333e+02  104.77827  104.53067
2.0166667e+02  104.77777  104.53152
2.0200000e+02  104.77728  104.53237
2.0233333e+02  104.77680  104.53322
2.0266667e+02  104.77633  104.53407
2.0300000e+02  104.77587  104.53491
2.0333333e+02  104.77542  104.53576
2.0366667e+02  104.77498  104.53660
2.0400000e+02  104.77454  104.53744
2.0433333e+02  104.77412  104.53828
2.0466667e+02  104.77370  104.53912
2.0500000e+02  104.77330  104.53996
2.0533333e+02  104.77290  104.54079
2.0566667e+02  104.77251  104.54163
2.0600000e+02  104.77213  104.54246
2.0633333e+02  104.77176  104.54329
2.0666667e+02  104.77139  104.54412
2.0700000e+02  104.77104  104.54495
2.0733333e+02  104.77069  104.54578
2.0766667e+02  104.77035  104.54661
2.0800000e+02  104.77002  104.54743
2.0833333e+02  104.76970  104.54826
2.0866667e+02  104.76938  104.54908
2.0900000e+02  104.76907  104.54990
2.0933333e+02  104.76877  104.55072
2.0966667e+02  104.76848  104.55154
2.1000000e+02  104.76820  104.55236
2.1033333e+02  104.76792  104.55317
2.1066667e+02  104.76765  104.55399
2.1100000e+02  104.76739  104.55480
2.1133333e+02  104.76713  104.55562
2.1166667e+02  104.76688  104.55643
2.1200000e+02  104.76664  104.55724
2.1233333e+02  104.76641  104.55805
2.1266667e+02  104.76618  104.55886
2.1300000e+02  104.76596  104.55966
2.1333333e+02  104.76575  104.56047
2.1366667e+02  104.76555  104.56127
2.1400000e+02  104.76535  104.56208
2.1433333e+02  104.76515  104.56288
2.1466667e+02  104.76497  104.56368
2.1500000e+02  104.76479  104.56448
2.1533333e+02  104.76462  104.56528
2.1566667e+02  104.76445  104.56608
2.1600000e+02  104.76429  104.56688
2.1633333e+02  104.76414  104.56767
2.1666667e+02  104.76399  104.56847
2.1700000e+02  104.76385  104.56926
2.1733333e+02  104.76371  104.57005
2.1766667e+02  104.76358  104.57085
2.1800000e+02  104.76346  104.57164
2.1833333e+02  104.76335  104.57243
2.1866667e+02  104.76323  104.57321
2.1900000e+02  104.76313  104.57400
2.1933333e+02  104.76303  104.57479
2.1966667e+02  104.76294  104.57557
2.2000000e+02  104.76285  104.57636
2.2033333e+02  104.76277  104.57714
2.2066667e+02  104.76269  104.57792
2.2100000e+02  104.76262  104.57870
2.2133333e+02  104.76255  104.57948
2.2166667e+02  104.76249  104.58026
2.2200000e+02  104.76244  104.58104
2.2233333e+02  104.76239  104.58182
2.2266667e+02  104.76234  104.58260
2.2300000e+02  104.76230  104.58337
2.2333333e+02  104.76227  104.58414
2.2366667e+02  104.76224  104.58492
2.2400000e+02  104.76221  104.58569
2.2433333e+02  104.76220  104.58646
2.2466667e+02  104.76218  104.58723
2.2500000e+02  104.76217  104.58800
2.2533333e+02  104.76217  104.58877
2.2566667e+02  104.76217  104.58954
2.2600000e+02  104.76217  104.59030
2.2633333e+02  104.76218  104.59107
2.2666667e+02  104.76220  104.59183
2.2700000e+02  104.76222  104.59260
2.2733333e+02  104.76224  104.59336
2.2766667e+02  104.76227  104.59412
2.2800000e+02  104.76230  104.59488
2.2833333e+02  104.76234  104.59564
2.2866667e+02  104.76238  104.59640
2.2900000e+02  104.76242  104.59716
2.2933333e+02  104.76247  104.59792
2.2966667e+02  104.76253  104.59867
2.3000000e+02  104.76259  104.59943
2.3033333e+02  104.76265  104.60018
2.3066667e+02  104.76272  104.60094
2.3100000e+02  104.76279  104.60169
2.3133333e+02  104.76286  104.60244
2.3166667e+02  104.76294  104.60319
2.3200000e+02  104.76302  104.60394
2.3233333e+02  104.76311  104.60469
2.3266667e+02  104.76320  104.60544
2.3300000e+02  104.76330  104.60619
2.3333333e+02  104.76340  104.60693
2.3366667e+02  104.76350  104.60768
2.3400000e+02  104.76360  104.60842
2.3433333e+02  104.76371  104.60917
2.3466667e+02  104.76383  104.60991
2.3500000e+02  104.76394  104.61065
2.3533333e+02  104.76406  104.61139
2.3566667e+02  104.76419  104.61213
2.3600000e+02  104.76432  104.61287
2.3633333e+02  104.76445  104.61361
2.3666667e+02  104.76458  104.61435
2.3700000e+02  104.76472  104.61508
2.3733333e+02  104.76486  104.61582
2.3766667e+02  104.76501  104.61655
2.3800000e+02  104.76516  104.61729
2.3833333e+02  104.76531  104.61802
2.3866667e+02  104.76546  104.61875
2.3900000e+02  104.76562  104.61949
2.3933333e+02  104.76578  104.62022
2.3966667e+02  104.76594  104.62095
2.4000000e+02  104.76611  104.62168
2.4033333e+02  104.76628  104.62240
2.4066667e+02  104.76646  104.62313
2.4100000e+02  104.76663  104.62386
2.4133333e+02  104.76681  104.62458
2.4166667e+02  104.76700  104.62531
2.4200000e+02  104.76718  104.62603
2.4233333e+02  104.76737  104.62675
2.4266667e+02  104.76756  104.62748
2.4300000e+02  104.76776  104.62820
2.4333333e+02  104.76795  104.62892
2.4366667e+02  104.76815  104.62964
2.4400000e+02  104.76836  104.63036
2.4433333e+02  104.76856  104.63108
2.4466667e+02  104.76877  104.63179
2.4500000e+02  104.76898  104.63251
2.4533333e+02  104.76919  104.63323
2.4566667e+02  104.76941  104.63394
2.4600000e+02  104.76963  104.63466
2.4633333e+02  104.76985  104.63537
2.4666667e+02  104.77007  104.63608
2.4700000e+02  104.77030  104.63679
2.4733333e+02  104.77053  104.63750
2.4766667e+02  104.77076  104.63821
2.4800000e+02  104.77099  104.63892
2.4833333e+02  104.77123  104.63963
2.4866667e+02  104.77147  104.64034
2.4900000e+02  104.77171  104.64105
2.4933333e+02  104.77195  104.64175
2.4966667e+02  104.77220  104.64246
2.5000000e+02  104.77245  104.64316
2.5033333e+02  104.77270  104.64387
2.5066667e+02  104.77295  104.64457
2.5100000e+02  104.77321  104.64527
2.5133333e+02  104.77346  104.64597
2.5166667e+02  104.77372  104.64667
2.5200000e+02  104.77399  104.64737
2.5233333e+02  104.77425  104.64807
2.5266667e+02  104.77452  104.64877
2.5300000e+02  104.77478  104.64947
2.5333333e+02  104.77505  104.65017
2.5366667e+02  104.77533  104.65086
2.5400000e+02  104.77560  104.65156
2.5433333e+02  104.77588  104.65225
2.5466667e+02  104.77615  104.65294
2.5500000e+02  104.77643  104.65364
2.5533333e+02  104.77672  104.65433
2.5566667e+02  104.77700  104.65502
2.5600000e+02  104.77729  104.65571
2.5633333e+02  104.77758  104.65640
2.5666667e+02  104.77787  104.65709
2.5700000e+02  104.77816  104.65778
2.5733333e+02  104.77845  104.65847
2.5766667e+02  104.77875  104.65915
2.5800000e+02  104.77904  104.65984
2.5833333e+02  104.77934  104.66052
2.5866667e+02  104.77964  104.66121
2.5900000e+02  104.77995  104.66189
2.5933333e+02  104.78025  104.66258
2.5966667e+02  104.78056  104.66326
2.6000000e+02  104.78087  104.66394
2.6033333e+02  104.78117  104.66462
2.6066667e+02  104.78149  104.66530
2.6100000e+02  104.78180  104.66598
2.6133333e+02  104.78211  104.66666
2.6166667e+02  104.78243  104.66734
2.6200000e+02  104.78275  104.66801
2.6233333e+02  104.78307  104.66869
2.6266667e+02  104.78339  104.66937
2.6300000e+02  104.78371  104.67004
2.6333333e+02  104.78403  104.67072
2.6366667e+02  104.78436  104.67139
2.6400000e+02  104.78469  104.67206
2.6433333e+02  104.78501  104.67273
2.6466667e+02  104.78534  104.67341
2.6500000e+02  104.78568  104.67408
2.6533333e+02  104.78601  104.67475
2.6566667e+02  104.78634  104.67541
2.6600000e+02  104.78668  104.67608
2.6633333e+02  104.78702  104.67675
2.6666667e+02  104.78735  104.67742
2.6700000e+02  104.78769  104.67808
2.6733333e+02  104.78804  104.67875
2.6766667e+02  104.78838  104.67941
2.6800000e+02  104.78872  104.68008
2.6833333e+02  104.78907  104.68074
2.6866667e+02  104.78941  104.68140
2.6900000e+02  104.78976  104.68207
2.6933333e+02  104.79011  104.68273
2.6966667e+02  104.79046  104.68339
2.9200000e+02  104.70797  104.68670
2.9400000e+02  104.70527  104.68510
2.9600000e+02  104.70264  104.68352
2.9800000e+02  104.70006  104.68197
3.0000000e+02  104.69755  104.68044
3.0200000e+02  104.69509  104.67892
3.0400000e+02  104.69269  104.67743
3.0600000e+02  104.69034  104.67596
3.0800000e+02  104.68804  104.67451
3.1000000e+02  104.68578  104.67308
3.1200000e+02  104.68358  104.67166
3.1400000e+02  104.68143  104.67027
3.1600000e+02  104.67931  104.66889
3.1800000e+02  104.67725  104.66753
3.2000000e+02  104.67522  104.66618
3.2200000e+02  104.67324  104.66486
3.2400000e+02  104.67129  104.66355
3.2600000e+02  104.66938  104.66225
3.2800000e+02  104.66751  104.66098
3.3000000e+02  104.66568  104.65972
3.3200000e+02  104.66388  104.65847
3.3400000e+02  104.66212  104.65724
3.3600000e+02  104.66038  104.65602
3.3800000e+02  104.65868  104.65482
3.4000000e+02  104.65701  104.65363
3.4200000e+02  104.65538  104.65246
3.4400000e+02  104.65377  104.65130
3.4600000e+02  104.65219  104.65016
3.4800000e+02  104.65064  104.64902
3.5000000e+02  104.64911  104.64790
3.5200000e+02  104.64761  104.64680
3.5400000e+02  104.64614  104.64570
3.5600000e+02  104.64469  104.64462
3.5800000e+02  104.64326  104.64355
3.6000000e+02  104.64186  104.64249
3.6200000e+02  104.64049  104.64144
3.6400000e+02  104.63913  104.64041
3.6600000e+02  104.63780  104.63939
3.6800000e+02  104.63648  104.63837
3.7000000e+02  104.63519  104.63737
3.7200000e+02  104.63392  104.63638
3.7400000e+02  104.63267  104.63540
3.7600000e+02  104.63144  104.63443
3.7800000e+02  104.63022  104.63347
3.8000000e+02  104.62903  104.63252
3.8200000e+02  104.62785  104.63158
3.8400000e+02  104.62669  104.63065
3.8600000e+02  104.62555  104.62973
3.8800000e+02  104.62442  104.62882
3.9000000e+02  104.62331  104.62792
3.9200000e+02  104.62222  104.62702
3.9400000e+02  104.62114  104.62614
3.9600000e+02  104.62007  104.62526
3.9800000e+02  104.61903  104.62440
4.0000000e+02  104.61799  104.62354
4.0200000e+02  104.61697  104.62269
4.0400000e+02  104.61596  104.62185
4.0600000e+02  104.61497  104.62101
4.0800000e+02  104.61399  104.62019
4.1000000e+02  104.61302  104.61937
4.1200000e+02  104.61207  104.61856
4.1400000e+02  104.61113  104.61776
4.1600000e+02  104.61020  104.61697
4.1800000e+02  104.60928  104.61618
4.2000000e+02  104.60837  104.61540
4.2200000e+02  104.60748  104.61463
4.2400000e+02  104.60659  104.61386
4.2600000e+02  104.60572  104.61310
4.2800000e+02  104.60486  104.61235
4.3000000e+02  104.60400  104.61161
4.3200000e+02  104.60316  104.61087
4.3400000e+02  104.60233  104.61014
4.3600000e+02  104.60151  104.60941
4.3800000e+02  104.60070  104.60869
4.4000000e+02  104.59989  104.60798
4.4200000e+02  104.59910  104.60728
4.4400000e+02  104.59832  104.60658
4.4600000e+02  104.59754  104.60588
4.4800000e+02  104.59677  104.60520
4.5000000e+02  104.59602  104.60451
4.5200000e+02  104.59527  104.60384
4.5400000e+02  104.59452  104.60317
4.5600000e+02  104.59379  104.60250
4.5800000e+02  104.59307  104.60184
4.6000000e+02  104.59235  104.60119
4.6200000e+02  104.59164  104.60054
4.6400000e+02  104.59094  104.59990
4.6600000e+02  104.59024  104.59926
4.6800000e+02  104.58955  104.59863
4.7000000e+02  104.58887  104.59800
4.7200000e+02  104.58820  104.59738
4.7400000e+02  104.58753  104.59677
4.7600000e+02  104.58687  104.59615
4.7800000e+02  104.58622  104.59555
4.8000000e+02  104.58557  104.59495
4.8200000e+02  104.58493  104.59435
4.8400000e+02  104.58430  104.59376
4.8600000e+02  104.58367  104.59317
4.8800000e+02  104.58305  104.59258
4.9000000e+02  104.58243  104.59201
4.9200000e+02  104.58183  104.59143
4.9400000e+02  104.58122  104.59086
4.9600000e+02  104.58062  104.59030
4.9800000e+02  104.58003  104.58973
5.0000000e+02  104.57944  104.58918
5.0200000e+02  104.57886  104.58863
5.0400000e+02  104.57829  104.58808
5.0600000e+02  104.57772  104.58753
5.0800000e+02  104.57715  104.58699
5.1000000e+02  104.57659  104.58646
5.1200000e+02  104.57604  104.58592
5.1400000e+02  104.57549  104.58539
5.1600000e+02  104.57494  104.58487
5.1800000e+02  104.57440  104.58435
5.2000000e+02  104.57386  104.58383
5.2200000e+02  104.57333  104.58332
5.2400000e+02  104.57281  104.58281
5.2600000e+02  104.57229  104.58230
5.2800000e+02  104.57177  104.58180
5.3000000e+02  104.57126  104.58130
5.3200000e+02  104.57075  104.58081
5.3400000e+02  104.57024  104.58032
5.3600000e+02  104.56974  104.57983
5.3800000e+02  104.56925  104.57934
5.4000000e+02  104.56875  104.57886
5.4200000e+02  104.56827  104.57838
5.4400000e+02  104.56778  104.57791
5.4600000e+02  104.56730  104.57744
5.4800000e+02  104.56683  104.57697
5.5000000e+02  104.56635  104.57651
5.5200000e+02  104.56589  104.57604
5.5400000e+02  104.56542  104.57558
5.5600000e+02  104.56496  104.57513
5.5800000e+02  104.56450  104.57468
5.6000000e+02  104.56405  104.57423
5.6200000e+02  104.56360  104.57378
5.6400000e+02  104.56315  104.57334
5.6600000e+02  104.56271  104.57290
5.6800000e+02  104.56227  104.57246
5.7000000e+02  104.56183  104.57202
5.7200000e+02  104.56140  104.57159
5.7400000e+02  104.56097  104.57116
5.7600000e+02  104.56054  104.57074
5.7800000e+02  104.56012  104.57031
5.8000000e+02  104.55970  104.56989
5.8200000e+02  104.55928  104.56947
5.8400000e+02  104.55887  104.56906
5.8600000e+02  104.55846  104.56864
5.8800000e+02  104.55805  104.56823
5.9000000e+02  104.55764  104.56783
5.9200000e+02  104.55724  104.56742
5.9400000e+02  104.55684  104.56702
5.9600000e+02  104.55644  104.56662
5.9800000e+02  104.55605  104.56622
6.0000000e+02  104.55566  104.56583
6.0200000e+02  104.55527  104.56543
6.0400000e+02  104.55488  104.56504
6.0600000e+02  104.55450  104.56465
6.0800000e+02  104.55412  104.56427
6.1000000e+02  104.55374  104.56389
6.1200000e+02  104.55337  104.56350
6.1400000e+02  104.55300  104.56313
6.1600000e+02  104.55263  104.56275
6.1800000e+02  104.55226  104.56238
6.2000000e+02  104.55189  104.56200
6.2200000e+02  104.55153  104.56163
6.2400000e+02  104.55117  104.56127
6.2600000e+02  104.55081  104.56090
6.2800000e+02  104.55046  104.56054
6.3000000e+02  104.55010  104.56018
6.3200000e+02  104.54975  104.55982
6.3400000e+02  104.54940  104.55946
6.3600000e+02  104.54906  104.55911
6.3800000e+02  104.54871  104.55875
6.4000000e+02  104.54837  104.55840
6.4200000e+02  104.54803  104.55805
6.4400000e+02  104.54769  104.55771
6.4600000e+02  104.54736  104.55736
6.4800000e+02  104.54703  104.55702
6.5000000e+02  104.54669  104.55668
6.5200000e+02  104.54636  104.55634
6.5400000e+02  104.54604  104.55600
6.5600000e+02  104.54571  104.55567
6.5800000e+02  104.54539  104.55534
6.6000000e+02  104.54507  104.55500
6.6200000e+02  104.54475  104.55467
6.6400000e+02  104.54443  104.55435
6.6600000e+02  104.54412  104.55402
6.6800000e+02  104.54380  104.55370
6.7000000e+02  104.54349  104.55337
6.7200000e+02  104.54318  104.55305
6.7400000e+02  104.54287  104.55274
6.7600000e+02  104.54257  104.55242
6.7800000e+02  104.54226  104.55210
6.8000000e+02  104.54196  104.55179
6.8200000e+02  104.54166  104.55148
6.8400000e+02  104.54136  104.55117
6.8600000e+02  104.54107  104.55086
6.8800000e+02  104.54077  104.55055
6.9000000e+02  104.54048  104.55025
6.9200000e+02  104.54018  104.54994
6.9400000e+02  104.53989  104.54964
6.9600000e+02  104.53961  104.54934
6.9800000e+02  104.53932  104.54904
7.0000000e+02  104.53903  104.54874
7.0200000e+02  104.53875  104.54845
7.0400000e+02  104.53847  104.54815
7.0600000e+02  104.53819  104.54786
7.0800000e+02  104.53791  104.54757
7.1000000e+02  104.53763  104.54728
7.1200000e+02  104.53735  104.54699
7.1400000e+02  104.53708  104.54670
7.1600000e+02  104.53681  104.54642
7.1800000e+02  104.53654  104.54613
7.2000000e+02  104.53627  104.54585
7.2200000e+02  104.53600  104.54557
7.2400000e+02  104.53573  104.54529
7.2600000e+02  104.53546  104.54501
7.2800000e+02  104.53520  104.54474
7.3000000e+02  104.53494  104.54446
7.3200000e+02  104.53468  104.54419
7.3400000e+02  104.53442  104.54391
7.3600000e+02  104.53416  104.54364
7.3800000e+02  104.53390  104.54337
7.4000000e+02  104.53364  104.54310
7.4200000e+02  104.53339  104.54284
7.4400000e+02  104.53314  104.54257
7.4600000e+02  104.53288  104.54230
7.4800000e+02  104.53263  104.54204
7.5000000e+02  104.53238  104.54178
7.5200000e+02  104.53214  104.54152
7.5400000e+02  104.53189  104.54126
7.5600000e+02  104.53164  104.54100
7.5800000e+02  104.53140  104.54074
7.6000000e+02  104.53116  104.54049
7.6200000e+02  104.53092  104.54023
7.6400000e+02  104.53067  104.53998
7.6600000e+02  104.53044  104.53973
7.6800000e+02  104.53020  104.53947
7.7000000e+02  104.52996  104.53922
7.7200000e+02  104.52972  104.53898
7.7400000e+02  104.52949  104.53873
7.7600000e+02  104.52926  104.53848
7.7800000e+02  104.52902  104.53824
7.8000000e+02  104.52879  104.53799
7.8200000e+02  104.52856  104.53775
7.8400000e+02  104.52833  104.53751
7.8600000e+02  104.52811  104.53727
7.8800000e+02  104.52788  104.53703
7.9000000e+02  104.52765  104.53679
7.9200000e+02  104.52743  104.53655
7.9400000e+02  104.52721  104.53631
7.9600000e+02  104.52698  104.53608
7.9800000e+02  104.52676  104.53584
8.0000000e+02  104.52654  104.53561
8.0200000e+02  104.52632  104.53538
8.0400000e+02  104.52611  104.53515
8.0600000e+02  104.52589  104.53492
8.0800000e+02  104.52567  104.53469
8.1000000e+02  104.52546  104.53446
8.1200000e+02  104.52524  104.53423
8.1400000e+02  104.52503  104.53401
8.1600000e+02  104.52482  104.53378
8.1800000e+02  104.52461  104.53356
8.2000000e+02  104.52440  104.53333
8.2200000e+02  104.52419  104.53311
8.2400000e+02  104.52398  104.53289
8.2600000e+02  104.52377  104.53267
8.2800000e+02  104.52357  104.53245
8.3000000e+02  104.52336  104.53223
8.3200000e+02  104.52316  104.53201
8.3400000e+02  104.52295  104.53180
8.3600000e+02  104.52275  104.53158
8.3800000e+02  104.52255  104.53137
8.4000000e+02  104.52235  104.53115
8.4200000e+02  104.52215  104.53094
8.4400000e+02  104.52195  104.53073
8.4600000e+02  104.52175  104.53052
8.4800000e+02  104.52155  104.53031
8.5000000e+02  104.52136  104.53010
8.5200000e+02  104.52116  104.52989
8.5400000e+02  104.52097  104.52968
8.5600000e+02  104.52077  104.52948
8.5800000e+02  104.52058  104.52927
8.6000000e+02  104.52039  104.52907
8.6200000e+02  104.52020  104.52886
8.6400000e+02  104.52001  104.52866
8.6600000e+02  104.51982  104.52846
8.6800000e+02  104.51963  104.52826
8.7000000e+02  104.51944  104.52806
8.7200000e+02  104.51925  104.52786
8.7400000e+02  104.51907  104.52766
8.7600000e+02  104.51888  104.52746
8.7800000e+02  104.51870  104.52726
8.8000000e+02  104.51851  104.52707
8.8200000e+02  104.51833  104.52687
8.8400000e+02  104.51815  104.52668
8.8600000e+02  104.51796  104.52648
8.8800000e+02  104.51778  104.52629
8.9000000e+02  104.51760  104.52610
8.9200000e+02  104.51742  104.52590
8.9400000e+02  104.51725  104.52571
8.9600000e+02  104.51707  104.52552
8.9800000e+02  104.51689  104.52533
9.0000000e+02  104.51671  104.52515
9.0200000e+02  104.51654  104.52496
9.0400000e+02  104.51636  104.52477
9.0600000e+02  104.51619  104.52458
9.0800000e+02  104.51602  104.52440
9.1000000e+02  104.51584  104.52421
9.1200000e+02  104.51567  104.52403
9.1400000e+02  104.51550  104.52385
9.1600000e+02  104.51533  104.52366
9.1800000e+02  104.51516  104.52348
9.2000000e+02  104.51499  104.52330
9.2200000e+02  104.51482  104.52312
9.2400000e+02  104.51465  104.52294
9.2600000e+02  104.51448  104.52276
9.2800000e+02  104.51432  104.52258
9.3000000e+02  104.51415  104.52240
9.3200000e+02  104.51399  104.52223
9.3400000e+02  104.51382  104.52205
9.3600000e+02  104.51366  104.52187
9.3800000e+02  104.51349  104.52170
9.4000000e+02  104.51333  104.52152
9.4200000e+02  104.51317  104.52135
9.4400000e+02  104.51301  104.52118
9.4600000e+02  104.51285  104.52100
9.4800000e+02  104.51269  104.52083
9.5000000e+02  104.51253  104.52066
9.5200000e+02  104.51237  104.52049
9.5400000e+02  104.51221  104.52032
9.5600000e+02  104.51205  104.52015
9.5800000e+02  104.51189  104.51998
9.6000000e+02  104.51174  104.51982
9.6200000e+02  104.51158  104.51965
9.6400000e+02  104.51143  104.51948
9.6600000e+02  104.51127  104.51932
9.6800000e+02  104.51112  104.51915
9.7000000e+02  104.51096  104.51898
9.7200000e+02  104.51081  104.51882
9.7400000e+02  104.51066  104.51866
9.7600000e+02  104.51051  104.51849
9.7800000e+02  104.51036  104.51833
9.8000000e+02  104.51020  104.51817
9.8200000e+02  104.51005  104.51801
9.8400000e+02  104.50990  104.51785
9.8600000e+02  104.50976  104.51769
9.8800000e+02  104.50961  104.51753
9.9000000e+02  104.50946  104.51737
9.9200000e+02  104.50931  104.51721
9.9400000e+02  104.50916  104.51705
9.9600000e+02  104.50902  104.51690
9.9800000e+02  104.50887  104.51674
1.0000000e+03  104.50873  104.51658
1.0020000e+03  104.50858  104.51643
1.0040000e+03  104.50844  104.51627
1.0060000e+03  104.50830  104.51612
1.0080000e+03  104.50815  104.51596
1.0100000e+03  104.50801  104.51581
1.0120000e+03  104.50787  104.51566
1.0140000e+03  104.50773  104.51550
1.0160000e+03  104.50758  104.51535
1.0180000e+03  104.50744  104.51520
1.0200000e+03  104.50730  104.51505
1.0220000e+03  104.50716  104.51490
1.0240000e+03  104.50703  104.51475
1.0260000e+03  104.50689  104.51460
1.0280000e+03  104.50675  104.51445
1.0300000e+03  104.50661  104.51431
1.0320000e+03  104.50647  104.51416
1.0340000e+03  104.50634  104.51401
1.0360000e+03  104.50620  104.51386
1.0380000e+03  104.50607  104.51372
1.0400000e+03  104.50593  104.51357
1.0420000e+03  104.50580  104.51343
1.0440000e+03  104.50566  104.51328
1.0460000e+03  104.50553  104.51314
1.0480000e+03  104.50539  104.51300
1.0500000e+03  104.50526  104.51285
1.0689391e+03  104.50403  104.51152
1.1426308e+03  104.49957  104.50672
1.2214028e+03  104.49536  104.50216
1.3056052e+03  104.49136  104.49784
1.3956124e+03  104.48758  104.49374
1.4918247e+03  104.48400  104.48985
1.5946698e+03  104.48060  104.48616
1.7046049e+03  104.47739  104.48267
1.8221188e+03  104.47435  104.47936
1.9477340e+03  104.47148  104.47623
2.0820091e+03  104.46876  104.47327
2.2255409e+03  104.46621  104.47047
2.3789677e+03  104.46380  104.46784
2.5429716e+03  104.46153  104.46535
2.7182818e+03  104.45940  104.46301
2.9056777e+03  104.45741  104.46081
3.1059926e+03  104.45554  104.45875
3.3201169e+03  104.45380  104.45683
3.5490028e+03  104.45219  104.45503
3.7936679e+03  104.45069  104.45335
4.0552000e+03  104.44930  104.45179
4.3347618e+03  104.44802  104.45035
4.6335964e+03  104.44685  104.44903
4.9530324e+03  104.44579  104.44781
5.2944901e+03  104.44482  104.44670
5.6594875e+03  104.44396  104.44569
6.0496475e+03  104.44319  104.44478
6.4667048e+03  104.44251  104.44397
6.9125136e+03  104.44192  104.44325
7.3890561e+03  104.44142  104.44262
7.8984510e+03  104.44101  104.44208
8.4429632e+03  104.44068  104.44163
9.0250135e+03  104.44043  104.44127
9.6471899e+03  104.44026  104.44098
1.0312259e+04  104.44016  104.44077
1.1023176e+04  104.44014  104.44064
1.1783104e+04  104.44019  104.44059
1.2595421e+04  104.44031  104.44061
1.3463738e+04  104.44050  104.44070
1.4391916e+04  104.44075  104.44086
1.5384082e+04  104.44107  104.44109
1.6444647e+04  104.44145  104.44138
1.7578326e+04  104.44190  104.44174
1.8790160e+04  104.44240  104.44216
2.0085537e+04  104.44297  104.44264
2.1470216e+04  104.44359  104.44318
2.2950353e+04  104.44426  104.44377
2.4532530e+04  104.44499  104.44442
2.6223781e+04  104.44577  104.44513
2.8031625e+04  104.44660  104.44589
2.9964100e+04  104.44748  104.44670
3.2029798e+04  104.44841  104.44756
3.4237904e+04  104.44938  104.44847
3.6598234e+04  104.45041  104.44942
3.9121284e+04  104.45147  104.45042
4.1818270e+04  104.45258  104.45147
4.4701184e+04  104.45373  104.45256
4.7782844e+04  104.45492  104.45370
5.1076951e+04  104.45616  104.45487
5.4598150e+04  104.45743  104.45609
5.8362098e+04  104.45874  104.45734
6.2385528e+04  104.46008  104.45864
6.6686331e+04  104.46146  104.45997
7.1283627e+04  104.46288  104.46133
7.6197857e+04  104.46433  104.46274
8.1450869e+04  104.46581  104.46417
8.7066019e+04  104.46733  104.46564
9.3068272e+04  104.46888  104.46714
9.9484316e+04  104.47045  104.46868
1.0634268e+05  104.47206  104.47024
1.1367384e+05  104.47370  104.47184
1.2151042e+05  104.47536  104.47346
1.2988724e+05  104.47705  104.47511
1.3884155e+05  104.47877  104.47679
1.4841316e+05  104.48051  104.47850
1.5864463e+05  104.48228  104.48023
1.6958145e+05  104.48407  104.48199
1.8127224e+05  104.48589  104.48377
1.9376899e+05  104.48773  104.48558
2.0712725e+05  104.48959  104.48741
2.2140642e+05  104.49147  104.48926
2.3666998e+05  104.49338  104.49113
2.5298579e+05  104.49530  104.49303
2.7042641e+05  104.49725  104.49495
2.8906936e+05  104.49921  104.49688
3.0899755e+05  104.50119  104.49884
3.3029956e+05  104.50320  104.50081
3.5307012e+05  104.50521  104.50281
3.7741045e+05  104.50725  104.50482
4.0342879e+05  104.50930  104.50684
4.3124081e+05  104.51137  104.50889
4.6097017e+05  104.51345  104.51095
4.9274904e+05  104.51555  104.51303
5.2671872e+05  104.51767  104.51512
5.6303024e+05  104.51980  104.51723
6.0184504e+05  104.52194  104.51935
6.4333570e+05  104.52409  104.52149
6.8768668e+05  104.52626  104.52364
7.3509519e+05  104.52844  104.52580
7.8577199e+05  104.53064  104.52798
8.3994241e+05  104.53284  104.53016
8.9784729e+05  104.53506  104.53236
9.5974408e+05  104.53729  104.53457
1.0259080e+06  104.53952  104.53680
1.0966332e+06  104.54177  104.53903
1.1722341e+06  104.54403  104.54127
1.2530468e+06  104.54630  104.54353
1.3394308e+06  104.54858  104.54579
1.4317699e+06  104.55086  104.54806
1.5304749e+06  104.55316  104.55035
1.6359844e+06  104.55546  104.55264
1.7487677e+06  104.55777  104.55493
1.8693262e+06  104.56009  104.55724
1.9981959e+06  104.56241  104.55956
2.1359497e+06  104.56475  104.56188
2.2832002e+06  104.56709  104.56421
2.4406020e+06  104.56943  104.56654
2.6088549e+06  104.57179  104.56889
2.7887070e+06  104.57414  104.57124
2.9809580e+06  104.57651  104.57359
3.1864626e+06  104.57888  104.57595
3.4061344e+06  104.58125  104.57832
3.6409503e+06  104.58363  104.58069
3.8919542e+06  104.58602  104.58307
4.1602620e+06  104.58841  104.58545
4.4470667e+06  104.59080  104.58784
4.7536436e+06  104.59320  104.59023
5.0813555e+06  104.59560  104.59263
5.4316596e+06  104.59801  104.59503
5.8061133e+06  104.60042  104.59743
6.2063816e+06  104.60283  104.59984
6.6342440e+06  104.60525  104.60225
7.0916029e+06  104.60767  104.60466
7.5804916e+06  104.61009  104.60708
8.1030839e+06  104.61251  104.60950
8.6617033e+06  104.61494  104.61192
9.2588334e+06  104.61737  104.61435
9.8971291e+06  104.61980  104.61678
1.0579428e+07  104.62223  104.61920
1.1308765e+07  104.62466  104.62164
1.2088381e+07  104.62710  104.62407
1.2921743e+07  104.62954  104.62650
1.3812556e+07  104.63198  104.62894
1.4764782e+07  104.63442  104.63138
1.5782652e+07  104.63686  104.63382
1.6870694e+07  104.63930  104.63626
1.8033745e+07  104.64174  104.63870
1.9276975e+07  104.64419  104.64114
2.0605913e+07  104.64663  104.64358
2.2026466e+07  104.64907  104.64602
2.3544951e+07  104.65152  104.64847
2.5168118e+07  104.65396  104.65091
2.6903186e+07  104.65641  104.65335
2.8757868e+07  104.65885  104.65580
3.0740409e+07  104.66129  104.65824
3.2859626e+07  104.66374  104.66068
3.5124939e+07  104.66618  104.66313
3.7546421e+07  104.66862  104.66557
4.0134837e+07  104.67106  104.66801
4.2901697e+07  104.67350  104.67045
4.5859302e+07  104.67594  104.67289
4.9020801e+07  104.67838  104.67533
5.2400251e+07  104.68082  104.67777
5.6012678e+07  104.68326  104.68021
5.9874142e+07  104.68569  104.68264
6.4001812e+07  104.68813  104.68508
6.8414039e+07  104.69056  104.68751
7.3130442e+07  104.69299  104.68994
7.8171989e+07  104.69542  104.69237
8.3561096e+07  104.69785  104.69480
8.9321723e+07  104.70027  104.69723
9.5479483e+07  104.70269  104.69966
1.0206175e+08  104.70512  104.70208
1.0909780e+08  104.70754  104.70450
1.1661890e+08  104.70995  104.70692
1.2465851e+08  104.71237  104.70934
1.3325235e+08  104.71478  104.71176
1.4243865e+08  104.71720  104.71417
1.5225824e+08  104.71960  104.71658
1.6275479e+08  104.72201  104.71899
1.7397496e+08  104.72441  104.72140
1.8596864e+08  104.72682  104.72380
1.9878915e+08  104.72922  104.72620
2.1249350e+08  104.73161  104.72860
2.2714261e+08  104.73401  104.73100
2.4280162e+08  104.73640  104.73339
2.5954014e+08  104.73878  104.73578
2.7743261e+08  104.74117  104.73817
2.9655857e+08  104.74355  104.74056
3.1700305e+08  104.74593  104.74294
3.3885695e+08  104.74831  104.74532
3.6221745e+08  104.75068  104.74770
3.8718840e+08  104.75305  104.75007
4.1388082e+08  104.75542  104.75244
4.4241339e+08  104.75778  104.75481
4.7291298e+08  104.76014  104.75717
5.0551517e+08  104.76250  104.75954
5.4036494e+08  104.76485  104.76189
5.7761721e+08  104.76720  104.76425
6.1743763e+08  104.76955  104.76660
6.6000322e+08  104.77190  104.76895
7.0550326e+08  104.77424  104.77129
7.5414002e+08  104.77657  104.77363
8.0612976e+08  104.77891  104.77597
8.6170362e+08  104.78124  104.77830
9.2110870e+08  104.78356  104.78064
9.8460911e+08  104.78588  104.78296
1.0524872e+09  104.78820  104.78529
1.1250447e+09  104.79052  104.78761
1.2026043e+09  104.79283  104.78992
1.2855107e+09  104.79514  104.79223
1.3741327e+09  104.79744  104.79454
1.4688642e+09  104.79974  104.79685
1.5701264e+09  104.80204  104.79915
1.6783695e+09  104.80433  104.80145
1.7940748e+09  104.80662  104.80374
1.9177567e+09  104.80891  104.80603
2.0499651e+09  104.81119  104.80831
2.1912879e+09  104.81346  104.81060
2.3423533e+09  104.81574  104.81287
2.5038330e+09  104.81801  104.81515
2.6764451e+09  104.82027  104.81742
2.8609568e+09  104.82253  104.81968
3.0581886e+09  104.82479  104.82195
3.2690174e+09  104.82704  104.82420
3.4943805e+09  104.82929  104.82646
3.7352800e+09  104.83153  104.82871
3.9927868e+09  104.83378  104.83095
4.2680460e+09  104.83601  104.83319
4.5622813e+09  104.83824  104.83543
4.8768009e+09  104.84047  104.83766
5.2130031e+09  104.84270  104.83989
5.5723829e+09  104.84492  104.84212
5.9565380e+09  104.84713  104.84434
6.3671764e+09  104.84934  104.84656
6.8061239e+09  104.85155  104.84877
7.2753320e+09  104.85375  104.85098
7.7768868e+09  104.85595  104.85318
8.3130185e+09  104.85815  104.85538
8.8861105e+09  104.86034  104.85758
9.4987110e+09  104.86252  104.85977
1.0153544e+10  104.86470  104.86195
1.0853520e+10  104.86688  104.86414
1.1601752e+10  104.86906  104.86631
1.2401566e+10  104.87122  104.86849
1.3256519e+10  104.87339  104.87066
1.4170412e+10  104.87555  104.87282
1.5147307e+10  104.87770  104.87499
1.6191549e+10  104.87986  104.87714
1.7307780e+10  104.88200  104.87929
1.8500963e+10  104.88415  104.88144
1.9776403e+10  104.88628  104.88359
2.1139770e+10  104.88842  104.88573
2.2597127e+10  104.89055  104.88786
2.4154953e+10  104.89267  104.88999
2.5820174e+10  104.89479  104.89212
2.7600193e+10  104.89691  104.89424
2.9502926e+10  104.89902  104.89636
3.1536831e+10  104.90113  104.89847
3.3710952e+10  104.90323  104.90058
3.6034955e+10  104.90533  104.90268
3.8519173e+10  104.90743  104.90478
4.1174650e+10  104.90952  104.90688
4.4013194e+10  104.91160  104.90897
4.7047424e+10  104.91368  104.91106
5.0290831e+10  104.91576  104.91314
5.3757836e+10  104.91783  104.91522
5.7463853e+10  104.91990  104.91729
6.1425360e+10  104.92196  104.91936
6.5659969e+10  104.92402  104.92142
7.0186509e+10  104.92608  104.92348
7.5025104e+10  104.92813  104.92554
8.0197267e+10  104.93017  104.92759
8.5725995e+10  104.93221  104.92964
9.1635869e+10  104.93425  104.93168
9.7953164e+10  104.93628  104.93372
1.0470597e+11  104.93831  104.93575
1.1192430e+11  104.94034  104.93778
1.1964026e+11  104.94236  104.93981
1.2788816e+11  104.94437  104.94183
1.3670465e+11  104.94638  104.94384
1.4612895e+11  104.94839  104.94585
1.5620295e+11  104.95039  104.94786
1.6697144e+11  104.95239  104.94986
1.7848230e+11  104.95438  104.95186
1.9078671e+11  104.95637  104.95386
2.0393938e+11  104.95835  104.95585
2.1799877e+11  104.96033  104.95783
2.3302742e+11  104.96231  104.95981
2.4909212e+11  104.96428  104.96179
2.6626430e+11  104.96624  104.96376
2.8462033e+11  104.96821  104.96573
3.0424180e+11  104.97016  104.96769
3.2521596e+11  104.97212  104.96965
3.4763605e+11  104.97407  104.97161
3.7160177e+11  104.97601  104.97356
3.9721967e+11  104.97795  104.97550
4.2460363e+11  104.97989  104.97744
4.5387543e+11  104.98182  104.97938
4.8516520e+11  104.98375  104.98131
5.1861205e+11  104.98567  104.98324
5.5436470e+11  104.98759  104.98516
5.9258211e+11  104.98950  104.98708
6.3343419e+11  104.99141  104.98900
6.7710257e+11  104.99332  104.99091
7.2378142e+11  104.99522  104.99282
7.7367826e+11  104.99712  104.99472
8.2701495e+11  104.99901  104.99662
8.8402862e+11  105.00090  104.99851
9.4497277e+11  105.00278  105.00040
1.0101183e+12  105.00466  105.00229
1.0797550e+12  105.00654  105.00417
1.1541923e+12  105.00841  105.00604
1.2337613e+12  105.01027  105.00792
1.3188157e+12  105.01214  105.00978
1.4097337e+12  105.01399  105.01165
1.5069195e+12  105.01585  105.01351
1.6108052e+12  105.01770  105.01536
1.7218526e+12  105.01954  105.01721
1.8405556e+12  105.02139  105.01906
1.9674419e+12  105.02322  105.02090
2.1030756e+12  105.02506  105.02274
2.2480597e+12  105.02688  105.02457
2.4030389e+12  105.02871  105.02640
2.5687023e+12  105.03053  105.02823
2.7457863e+12  105.03234  105.03005
2.9350784e+12  105.03416  105.03187
3.1374201e+12  105.03596  105.03368
3.3537110e+12  105.03777  105.03549
3.5849128e+12  105.03957  105.03729
3.8320535e+12  105.04136  105.03909
4.0962319e+12  105.04315  105.04089
4.3786224e+12  105.04494  105.04268
4.6804808e+12  105.04672  105.04447
5.0031489e+12  105.04850  105.04625
5.3480615e+12  105.05028  105.04803
5.7167521e+12  105.05205  105.04981
6.1108599e+12  105.05381  105.05158
6.5321371e+12  105.05557  105.05335
6.9824568e+12  105.05733  105.05511
7.4638211e+12  105.05909  105.05687
7.9783703e+12  105.06084  105.05862
8.5283920e+12  105.06258  105.06038
9.1163317e+12  105.06432  105.06212
9.7448034e+12  105.06606  105.06386
1.0416601e+13  105.06779  105.06560
1.1134713e+13  105.06952  105.06734
1.1902330e+13  105.07125  105.06907
1.2722866e+13  105.07297  105.07080
1.3599969e+13  105.07469  105.07252
1.4537538e+13  105.07640  105.07424
1.5539743e+13  105.07811  105.07595
1.6611039e+13  105.07981  105.07766
1.7756190e+13  105.08152  105.07937
1.8980285e+13  105.08321  105.08107
2.0288769e+13  105.08491  105.08277
2.1687459e+13  105.08660  105.08446
2.3182573e+13  105.08828  105.08615
2.4780759e+13  105.08996  105.08784
2.6489122e+13  105.09164  105.08952
2.8315259e+13  105.09331  105.09120
3.0267287e+13  105.09498  105.09287
3.2353887e+13  105.09665  105.09455
3.4584335e+13  105.09831  105.09621
3.6968548e+13  105.09997  105.09787
3.9517127e+13  105.10162  105.09953
4.2241402e+13  105.10327  105.10119
4.5153486e+13  105.10492  105.10284
4.8266327e+13  105.10656  105.10449
5.1593765e+13  105.10820  105.10613
5.5150593e+13  105.10984  105.10777
5.8952625e+13  105.11147  105.10941
6.3016767e+13  105.11309  105.11104
6.7361086e+13  105.11472  105.11267
7.2004899e+13  105.11634  105.11429
7.6968853e+13  105.11795  105.11591
8.2275017e+13  105.11956  105.11753
8.7946983e+13  105.12117  105.11914
9.4009969e+13  105.12277  105.12075
1.0049093e+14  105.12438  105.12235
1.0741869e+14  105.12597  105.12395
1.1482404e+14  105.12756  105.12555
1.2273990e+14  105.12915  105.12715
1.3120148e+14  105.13074  105.12874
1.4024639e+14  105.13232  105.13032
1.4991485e+14  105.13390  105.13190
1.6024985e+14  105.13547  105.13348
1.7129733e+14  105.13704  105.13506
1.8310642e+14  105.13861  105.13663
1.9572961e+14  105.14017  105.13820
2.0922303e+14  105.14173  105.13976
2.2364668e+14  105.14329  105.14132
2.3906468e+14  105.14484  105.14288
2.5554559e+14  105.14639  105.14443
2.7316267e+14  105.14793  105.14598
2.9199427e+14  105.14947  105.14753
3.1212409e+14  105.15101  105.14907
3.3364164e+14  105.15254  105.15061
3.5664260e+14  105.15407  105.15214
3.8122922e+14  105.15560  105.15367
4.0751082e+14  105.15712  105.15520
4.3560426e+14  105.15864  105.15672
4.6563442e+14  105.16016  105.15824
4.9773485e+14  105.16167  105.15976
5.3204824e+14  105.16318  105.16127
5.6872717e+14  105.16468  105.16278
6.0793471e+14  105.16618  105.16429
6.4984519e+14  105.16768  105.16579
6.9464493e+14  105.16918  105.16729
7.4253314e+14  105.17067  105.16878
7.9372271e+14  105.17215  105.17028
8.4844124e+14  105.17364  105.17176
9.0693202e+14  105.17512  105.17325
9.6945510e+14  105.17659  105.17473
1.0362885e+15  105.17807  105.17621
1.1077293e+15  105.17954  105.17768
1.1840951e+15  105.18100  105.17915
1.2657256e+15  105.18247  105.18062
1.3529836e+15  105.18393  105.18208
1.4462571e+15  105.18538  105.18354
1.5459607e+15  105.18683  105.18500
1.6525379e+15  105.18828  105.18645
1.7664624e+15  105.18973  105.18790
1.8882407e+15  105.19117  105.18935
2.0184143e+15  105.19261  105.19079
2.1575620e+15  105.19404  105.19223
2.3063024e+15  105.19548  105.19367
2.4652968e+15  105.19690  105.19510
2.6352522e+15  105.19833  105.19653
2.8169241e+15  105.19975  105.19796
3.0111203e+15  105.20117  105.19938
3.2187043e+15  105.20258  105.20080
3.4405989e+15  105.20400  105.20221
3.6777907e+15  105.20540  105.20363
3.9313343e+15  105.20681  105.20503
4.2023570e+15  105.20821  105.20644
4.4920637e+15  105.20961  105.20784
4.8017426e+15  105.21100  105.20924
5.1327704e+15  105.21240  105.21064
5.4866190e+15  105.21378  105.21203
5.8648616e+15  105.21517  105.21342
6.2691799e+15  105.21655  105.21481
6.7013716e+15  105.21793  105.21619
7.1633581e+15  105.21930  105.21757
7.6571936e+15  105.22068  105.21894
8.1850737e+15  105.22205  105.22032
8.7493454e+15  105.22341  105.22169
9.3525174e+15  105.22477  105.22305
9.9972716e+15  105.22613  105.22442
1.0686475e+16  105.22749  105.22578
1.1423191e+16  105.22884  105.22713
1.2210695e+16  105.23019  105.22849
1.3052490e+16  105.23154  105.22984
1.3952316e+16  105.23288  105.23118
1.4914177e+16  105.23422  105.23253
1.5942347e+16  105.23556  105.23387
1.7041398e+16  105.23689  105.23520
1.8216217e+16  105.23822  105.23654
1.9472026e+16  105.23955  105.23787
2.0814410e+16  105.24087  105.23920
2.2249337e+16  105.24219  105.24052
2.3783187e+16  105.24351  105.24184
2.5422778e+16  105.24482  105.24316
2.7175402e+16  105.24614  105.24448
2.9048850e+16  105.24744  105.24579
3.1051451e+16  105.24875  105.24710
3.3192111e+16  105.25005  105.24841
3.5480345e+16  105.25135  105.24971
3.7926328e+16  105.25265  105.25101
4.0540936e+16  105.25394  105.25231
4.3335791e+16  105.25523  105.25360
4.6323322e+16  105.25652  105.25489
4.9516810e+16  105.25780  105.25618
5.2930455e+16  105.25908  105.25746
5.6579433e+16  105.26036  105.25874
6.0479969e+16  105.26163  105.26002
6.4649404e+16  105.26290  105.26130
6.9106276e+16  105.26417  105.26257
7.3870401e+16  105.26544  105.26384
7.8962960e+16  105.26670  105.26511
8.4406596e+16  105.26796  105.26637
9.0225511e+16  105.26922  105.26763
9.6445577e+16  105.27047  105.26889
1.0309445e+17  105.27172  105.27014
1.1020169e+17  105.27297  105.27139
1.1779889e+17  105.27421  105.27264
1.2591984e+17  105.27546  105.27389
1.3460065e+17  105.27669  105.27513
1.4387989e+17  105.27793  105.27637
1.5379885e+17  105.27916  105.27761
1.6440160e+17  105.28039  105.27884
1.7573530e+17  105.28162  105.28007
1.8785033e+17  105.28284  105.28130
2.0080057e+17  105.28407  105.28252
2.1464358e+17  105.28528  105.28375
2.2944092e+17  105.28650  105.28496
2.4525837e+17  105.28771  105.28618
2.6216626e+17  105.28892  105.28739
2.8023977e+17  105.29013  105.28860
2.9955925e+17  105.29133  105.28981
3.2021059e+17  105.29253  105.29102
3.4228563e+17  105.29373  105.29222
3.6588249e+17  105.29493  105.29342
3.9110610e+17  105.29612  105.29461
4.1806861e+17  105.29731  105.29581
4.4688988e+17  105.29850  105.29700
4.7769807e+17  105.29968  105.29818
5.1063015e+17  105.30086  105.29937
5.4583254e+17  105.30204  105.30055
5.8346174e+17  105.30322  105.30173
6.2368507e+17  105.30439  105.30291
6.6668136e+17  105.30556  105.30408
7.1264178e+17  105.30673  105.30525
7.6177067e+17  105.30789  105.30642
8.1428646e+17  105.30905  105.30758
8.7042264e+17  105.31021  105.30875
9.3042880e+17  105.31137  105.30991
9.9457173e+17  105.31252  105.31106
1.0631366e+18  105.31367  105.31222
